year,Tahira
1880,0
1881,0
1882,0
1883,0
1884,0
1885,0
1886,0
1887,0
1888,0
1889,0
1890,0
1891,0
1892,0
1893,0
1894,0
1895,0
1896,0
1897,0
1898,0
1899,0
1900,0
1901,0
1902,0
1903,0
1904,0
1905,0
1906,0
1907,0
1908,0
1909,0
1910,0
1911,0
1912,0
1913,0
1914,0
1915,0
1916,0
1917,0
1918,0
1919,0
1920,0
1921,0
1922,0
1923,0
1924,0
1925,0
1926,0
1927,0
1928,0
1929,0
1930,0
1931,0
1932,0
1933,0
1934,0
1935,0
1936,0
1937,0
1938,0
1939,0
1940,0
1941,0
1942,0
1943,0
1944,0
1945,0
1946,0
1947,0
1948,0
1949,0
1950,0
1951,0
1952,0
1953,0
1954,0
1955,0
1956,0
1957,0
1958,0
1959,0
1960,0
1961,0
1962,0
1963,0
1964,0
1965,0
1966,0
1967,0
1968,0
1969,0
1970,5
1971,0
1972,27
1973,21
1974,34
1975,43
1976,37
1977,28
1978,33
1979,41
1980,37
1981,29
1982,31
1983,29
1984,21
1985,13
1986,14
1987,15
1988,18
1989,17
1990,28
1991,32
1992,20
1993,17
1994,25
1995,21
1996,29
1997,17
1998,25
1999,32
2000,28
2001,22
2002,18
2003,13
2004,16
2005,15
2006,24
2007,17
2008,19
2009,11
2010,9
2011,24
2012,21