year,Tressia
1880,0
1881,0
1882,0
1883,0
1884,0
1885,0
1886,0
1887,0
1888,0
1889,0
1890,0
1891,0
1892,0
1893,0
1894,0
1895,0
1896,0
1897,0
1898,0
1899,0
1900,0
1901,0
1902,0
1903,0
1904,0
1905,0
1906,5
1907,0
1908,0
1909,0
1910,0
1911,0
1912,0
1913,0
1914,0
1915,0
1916,7
1917,0
1918,0
1919,7
1920,7
1921,0
1922,0
1923,0
1924,0
1925,0
1926,0
1927,0
1928,7
1929,0
1930,0
1931,0
1932,0
1933,0
1934,0
1935,5
1936,0
1937,0
1938,0
1939,0
1940,0
1941,5
1942,0
1943,0
1944,0
1945,0
1946,8
1947,0
1948,0
1949,0
1950,5
1951,0
1952,8
1953,11
1954,0
1955,16
1956,15
1957,18
1958,15
1959,10
1960,13
1961,13
1962,20
1963,7
1964,18
1965,17
1966,6
1967,17
1968,8
1969,10
1970,9
1971,9
1972,16
1973,8
1974,7
1975,7
1976,0
1977,0
1978,0
1979,0
1980,0
1981,6
1982,0
1983,0
1984,0
1985,6
1986,0
1987,0
1988,0
1989,0
1990,0
1991,0
1992,0
1993,0
1994,0
1995,5
1996,0
1997,0
1998,0
1999,0
2000,0
2001,0
2002,0
2003,0
2004,0
2005,0
2006,0
2007,0
2008,0
2009,0
2010,0
2011,0
2012,0