year,Lakendra
1880,0
1881,0
1882,0
1883,0
1884,0
1885,0
1886,0
1887,0
1888,0
1889,0
1890,0
1891,0
1892,0
1893,0
1894,0
1895,0
1896,0
1897,0
1898,0
1899,0
1900,0
1901,0
1902,0
1903,0
1904,0
1905,0
1906,0
1907,0
1908,0
1909,0
1910,0
1911,0
1912,0
1913,0
1914,0
1915,0
1916,0
1917,0
1918,0
1919,0
1920,0
1921,0
1922,0
1923,0
1924,0
1925,0
1926,0
1927,0
1928,0
1929,0
1930,0
1931,0
1932,0
1933,0
1934,0
1935,0
1936,0
1937,0
1938,0
1939,0
1940,0
1941,0
1942,0
1943,0
1944,0
1945,0
1946,0
1947,0
1948,0
1949,0
1950,0
1951,0
1952,0
1953,0
1954,0
1955,0
1956,0
1957,0
1958,0
1959,0
1960,0
1961,0
1962,0
1963,0
1964,0
1965,0
1966,0
1967,0
1968,0
1969,0
1970,5
1971,6
1972,5
1973,9
1974,23
1975,25
1976,20
1977,30
1978,52
1979,50
1980,59
1981,53
1982,65
1983,44
1984,67
1985,64
1986,129
1987,177
1988,169
1989,141
1990,124
1991,115
1992,106
1993,93
1994,70
1995,57
1996,48
1997,56
1998,58
1999,35
2000,49
2001,31
2002,27
2003,19
2004,32
2005,19
2006,18
2007,23
2008,24
2009,22
2010,20
2011,9
2012,15