year,Sarahann
1880,0
1881,0
1882,0
1883,0
1884,0
1885,0
1886,0
1887,0
1888,0
1889,0
1890,0
1891,0
1892,0
1893,0
1894,0
1895,0
1896,0
1897,0
1898,0
1899,0
1900,0
1901,0
1902,0
1903,0
1904,0
1905,0
1906,0
1907,0
1908,0
1909,0
1910,0
1911,0
1912,0
1913,0
1914,0
1915,0
1916,0
1917,0
1918,0
1919,0
1920,0
1921,0
1922,0
1923,0
1924,0
1925,0
1926,0
1927,0
1928,0
1929,0
1930,0
1931,0
1932,0
1933,0
1934,0
1935,0
1936,0
1937,0
1938,0
1939,0
1940,0
1941,5
1942,0
1943,0
1944,0
1945,0
1946,0
1947,0
1948,0
1949,5
1950,6
1951,0
1952,0
1953,0
1954,0
1955,0
1956,0
1957,0
1958,0
1959,0
1960,0
1961,0
1962,0
1963,0
1964,0
1965,0
1966,0
1967,5
1968,0
1969,0
1970,0
1971,0
1972,0
1973,0
1974,5
1975,6
1976,11
1977,5
1978,12
1979,7
1980,9
1981,13
1982,9
1983,12
1984,21
1985,20
1986,28
1987,25
1988,32
1989,21
1990,31
1991,19
1992,32
1993,26
1994,19
1995,30
1996,14
1997,9
1998,20
1999,17
2000,23
2001,25
2002,20
2003,17
2004,19
2005,18
2006,7
2007,13
2008,14
2009,8
2010,17
2011,8
2012,8