year,Jajuan
1880,0
1881,0
1882,0
1883,0
1884,0
1885,0
1886,0
1887,0
1888,0
1889,0
1890,0
1891,0
1892,0
1893,0
1894,0
1895,0
1896,0
1897,0
1898,0
1899,0
1900,0
1901,0
1902,0
1903,0
1904,0
1905,0
1906,0
1907,0
1908,0
1909,0
1910,0
1911,0
1912,0
1913,0
1914,0
1915,0
1916,0
1917,0
1918,0
1919,0
1920,0
1921,0
1922,0
1923,0
1924,0
1925,0
1926,0
1927,0
1928,0
1929,0
1930,0
1931,0
1932,0
1933,0
1934,0
1935,0
1936,0
1937,0
1938,0
1939,0
1940,0
1941,0
1942,0
1943,0
1944,0
1945,0
1946,0
1947,0
1948,0
1949,0
1950,0
1951,0
1952,0
1953,0
1954,0
1955,0
1956,0
1957,0
1958,0
1959,0
1960,0
1961,0
1962,0
1963,0
1964,0
1965,0
1966,0
1967,0
1968,0
1969,0
1970,8
1971,5
1972,15
1973,10
1974,10
1975,16
1976,13
1977,19
1978,21
1979,17
1980,27
1981,30
1982,38
1983,25
1984,26
1985,36
1986,35
1987,40
1988,42
1989,45
1990,46
1991,55
1992,64
1993,62
1994,96
1995,100
1996,91
1997,132
1998,109
1999,120
2000,113
2001,126
2002,123
2003,75
2004,65
2005,64
2006,56
2007,54
2008,55
2009,37
2010,32
2011,38
2012,20