year,Jamall
1880,0
1881,0
1882,0
1883,0
1884,0
1885,0
1886,0
1887,0
1888,0
1889,0
1890,0
1891,0
1892,0
1893,0
1894,0
1895,0
1896,0
1897,0
1898,0
1899,0
1900,0
1901,0
1902,0
1903,0
1904,0
1905,0
1906,0
1907,0
1908,0
1909,0
1910,0
1911,0
1912,0
1913,0
1914,0
1915,0
1916,0
1917,0
1918,0
1919,0
1920,0
1921,0
1922,0
1923,0
1924,0
1925,0
1926,0
1927,0
1928,0
1929,0
1930,0
1931,0
1932,0
1933,0
1934,0
1935,0
1936,0
1937,0
1938,0
1939,0
1940,0
1941,0
1942,0
1943,0
1944,0
1945,0
1946,0
1947,0
1948,0
1949,0
1950,0
1951,0
1952,0
1953,0
1954,0
1955,0
1956,0
1957,0
1958,0
1959,0
1960,0
1961,0
1962,0
1963,0
1964,0
1965,0
1966,0
1967,0
1968,0
1969,7
1970,8
1971,9
1972,11
1973,11
1974,14
1975,12
1976,35
1977,32
1978,18
1979,37
1980,55
1981,44
1982,51
1983,51
1984,42
1985,44
1986,37
1987,55
1988,54
1989,49
1990,50
1991,52
1992,48
1993,49
1994,54
1995,26
1996,27
1997,25
1998,26
1999,23
2000,35
2001,32
2002,28
2003,30
2004,27
2005,26
2006,22
2007,30
2008,25
2009,17
2010,19
2011,21
2012,27