year,Cinthya
1880,0
1881,0
1882,0
1883,0
1884,0
1885,0
1886,0
1887,0
1888,0
1889,0
1890,0
1891,0
1892,0
1893,0
1894,0
1895,0
1896,0
1897,0
1898,0
1899,0
1900,0
1901,0
1902,0
1903,0
1904,0
1905,0
1906,0
1907,0
1908,0
1909,0
1910,0
1911,0
1912,0
1913,0
1914,0
1915,0
1916,0
1917,0
1918,0
1919,0
1920,0
1921,0
1922,0
1923,0
1924,0
1925,0
1926,0
1927,0
1928,0
1929,0
1930,0
1931,0
1932,0
1933,0
1934,0
1935,0
1936,0
1937,0
1938,0
1939,0
1940,0
1941,0
1942,0
1943,0
1944,0
1945,0
1946,0
1947,0
1948,0
1949,0
1950,0
1951,0
1952,0
1953,0
1954,0
1955,0
1956,0
1957,0
1958,0
1959,0
1960,0
1961,0
1962,0
1963,0
1964,0
1965,0
1966,6
1967,0
1968,0
1969,0
1970,11
1971,10
1972,12
1973,7
1974,6
1975,7
1976,9
1977,7
1978,9
1979,10
1980,10
1981,16
1982,18
1983,14
1984,11
1985,21
1986,19
1987,19
1988,21
1989,35
1990,54
1991,63
1992,53
1993,58
1994,73
1995,57
1996,70
1997,52
1998,59
1999,72
2000,68
2001,66
2002,71
2003,81
2004,65
2005,84
2006,82
2007,67
2008,58
2009,44
2010,37
2011,30
2012,23