year,Cristiana
1880,0
1881,0
1882,0
1883,0
1884,0
1885,0
1886,0
1887,0
1888,0
1889,0
1890,0
1891,0
1892,0
1893,0
1894,0
1895,0
1896,0
1897,0
1898,0
1899,0
1900,0
1901,0
1902,0
1903,0
1904,0
1905,0
1906,0
1907,0
1908,0
1909,0
1910,0
1911,0
1912,0
1913,0
1914,0
1915,0
1916,0
1917,0
1918,0
1919,0
1920,0
1921,0
1922,0
1923,0
1924,0
1925,0
1926,0
1927,0
1928,0
1929,0
1930,0
1931,0
1932,0
1933,0
1934,0
1935,0
1936,0
1937,0
1938,0
1939,0
1940,0
1941,0
1942,0
1943,0
1944,0
1945,0
1946,0
1947,0
1948,0
1949,0
1950,0
1951,0
1952,0
1953,0
1954,0
1955,0
1956,0
1957,0
1958,0
1959,0
1960,0
1961,0
1962,5
1963,0
1964,0
1965,0
1966,5
1967,0
1968,0
1969,6
1970,6
1971,0
1972,0
1973,0
1974,6
1975,9
1976,7
1977,0
1978,8
1979,13
1980,6
1981,6
1982,9
1983,8
1984,7
1985,9
1986,6
1987,8
1988,10
1989,10
1990,15
1991,24
1992,19
1993,15
1994,26
1995,25
1996,29
1997,15
1998,19
1999,27
2000,27
2001,38
2002,38
2003,27
2004,34
2005,42
2006,34
2007,33
2008,24
2009,18
2010,26
2011,18
2012,25